000000000000000000100000000
000000000000000001110000000
000000000000111000011000000
000000000001001110010110000
000000000010001010010100000
000000000010000101010101100
000000000000100001010001100
111100000101000010001011100
100011010111011000000000110
100000110000010000000000000
010011010010010110000000000
000000010101010101000001111
010011010010010011010110001
100000110001010100011000001
100011010110010010010110010
111100000101010101010000000
000000000011010010010110010
000000000000010000011000001
011000000000110111010110001
001110100010000101000001111
001100010100001000000000000
001101010101000010000000000
000001010010100010000000000
000011010011100100000000000
000000110000111000000000000
000000011100000000000000000
000000001000000000000000000