00110000000000000000000000000000000000000000000000000000000000
1001000100010001000100010001000100010001000100010001000100010
0000101010101010101010101010101010101010101010101010101010101
1001000100010001000100010001000100010001000100010001000100010
0111000000000000000000000000000000000000000000000000000000000
0011000000000000000000000000000000000000000000000000000000000
0011000000000000000000000000000000000000000000000000000000000
0001000000000000000000000000000000000000000000000000000000000
0001000000000000000000000000000000000000000000000000000000000
0001000000000000000000000000000000000000000000000000000000000
0001000000000000000000000000000000000000000000000000000000000
0001000000000000000000000000000000000000000000000000000000000
0001000000000000000000000000000000000000000000000000000000000
0001000000000000000000000000000000000000000000000000000000000
0011000000000000000000000000000000000000000000000000000000000
0011000000000000000000000000000000000000000000000000000000000
0001000000000000000000000000000000000000000000000000000000000
0001000000000000000000000000000000000000000000000000000000000
0001000000000000000000000000000000000000000000000000000000000
0001000000000000000000000000000000000000000000000000000000000
0001000000000000000000000000000000000000000000000000000000000
0001000000000000000000000000000000000000000000000000000000000
0001000000000000000000000000000000000000000000000000000000000
0011000000000000000000000000000000000000000000000000000000000
0011000000000000000000000000000000000000000000000000000000000
0001000000000000000000000000000000000000000000000000000000000
0001000000000000000000000000000000000000000000000000000000000
0001000000000000000000000000000000000000000000000000000000000
0001000000000000000000000000000000000000000000000000000000000
0001000000000000000000000000000000000000000000000000000000000
0001000000000000000000000000000000000000000000000000000000000
0001000000000000000000000000000000000000000000000000000000000
0011000000000000000000000000000000000000000000000000000000000
0011000000000000000000000000000000000000000000000000000000000
0001000000000000000000000000000000000000000000000000000000000
0001000000000000000000000000000000000000000000000000000000000
0001000000000000000000000000000000000000000000000000000000000
0001000000000000000000000000000000000000000000000000000000000
0001000000000000000000000000000000000000000000000000000000000
0001000000000000000000000000000000000000000000000000000000000
0001000000000000000000000000000000000000000000000000000000000
0011000000000000000000000000000000000000000000000000000000000
0011000000000000000000000000000000000000000000000000000000000
0001000000000000000000000000000000000000000000000000000000000
0001000000000000000000000000000000000000000000000000000000000
0001000000000000000000000000000000000000000000000000000000000
0001000000000000000000000000000000000000000000000000000000000
0001000000000000000000000000000000000000000000000000000000000
0001000000000000000000000000000000000000000000000000000000000
0001000000000000000000000000000000000000000000000000000000000
0011000000000000000000000000000000000000000000000000000000000
0011000000000000000000000000000000000000000000000000000000000
0111000000000000000000000000000000000000000000000000000000000
1001000100010001000100010001000100010001000100010001000100010
0000101010101010101010101010101010101010101010101010101010101
1001000100010001000100010001000100010001000100010001000100010
0110000000000000000000000000000000000000000000000000000000000