0000000000000001100000011000000110011001100000
0000000001100000100000010000010010010010010000
0000100001010111000011010000011000001110101000
0001010000010100000100100000000111110000100100
0000100000100100001010000001111001000110010100
0000100000001111001011000010000111110001010011
0000111000100000101001000011001000100110101010
0000000011001011010110000110010000100000011010
0000100010000001010001101100011110000110100100
0001000001010000010001010111110100000010111000
0000100011100000100001000000000011100100000000
0000111011001100100111100101011010100101100000
1000100000000010001101101001000000100100100000
0000111011001100100100011100000011000011000000
0000100011100000100010001000000000000000000000
0001000001010000010000010001000000000000000000
0000100010000001010011100011000000000000000000
0000000011001011010100011000000000000000000000
0000111000100000100101000111000000000000000000
0000100000001111000101111001000000000000000000
0000100000100100000010000010000000000000000000
0001010000010100000001111100000000000000000000
0000100001010111000000010000000000000000000000
0000000001100000100000000000000000000000000000
0000000000000001100000000000000000000000000000